Time,Moisture,Light,Temp
0/0/1970-0:0:0,1011,481,151
1/1/1970-0:0:6,1023,440,152
1/1/1970-0:0:12,1023,441,152
Time,Moisture,Light,Temp
0/0/1970-0:0:0,1011,485,148
1/1/1970-0:0:6,1023,440,151
Time,Moisture,Light,Temp
0/0/1970-0:0:0,1012,483,148
1/1/1970-0:0:6,1023,439,150
1/1/1970-0:0:12,1023,442,151
1/1/1970-0:0:18,1023,439,150
1/1/1970-0:0:24,1023,439,151
1/1/1970-0:0:30,1023,438,151
1/1/1970-0:0:36,1023,439,152
1/1/1970-0:0:42,1023,440,152
1/1/1970-0:0:48,1023,440,152
1/1/1970-0:0:54,1023,440,152
1/1/1970-0:1:0,1023,440,152
1/1/1970-0:1:6,1023,441,152
1/1/1970-0:1:12,1023,441,152
1/1/1970-0:1:18,1023,441,152
1/1/1970-0:1:24,1023,440,152
1/1/1970-0:1:30,1023,440,152
1/1/1970-0:1:36,1023,439,152
1/1/1970-0:1:42,1023,439,152
1/1/1970-0:1:48,1023,439,152
1/1/1970-0:1:54,1023,441,152
1/1/1970-0:2:0,1023,440,152
1/1/1970-0:2:6,1023,440,152
1/1/1970-0:2:12,1023,441,152
1/1/1970-0:2:18,1023,440,152
1/1/1970-0:2:24,1023,439,152
1/1/1970-0:2:30,1023,439,152
1/1/1970-0:2:36,1023,440,153
1/1/1970-0:2:42,1023,439,152
1/1/1970-0:2:48,1023,439,152
1/1/1970-0:2:54,1023,439,153
1/1/1970-0:3:0,1023,439,153
Time,Moisture,Light,Temp
0/0/1970-0:0:0,1018,730,143
1/1/1970-0:0:6,1023,533,141
1/1/1970-0:0:12,1023,570,142
1/1/1970-0:0:18,1017,578,142
1/1/1970-0:0:24,1007,590,142
1/1/1970-0:0:30,1023,658,143
Time,Moisture,Light,Temp
0/0/1970-0:0:0,1018,526,145
1/1/1970-0:0:6,1023,602,143
1/1/1970-0:0:12,1023,594,143
1/1/1970-0:0:18,1023,514,143
1/1/1970-0:0:24,1023,531,143
1/1/1970-0:0:30,1023,518,143
1/1/1970-0:0:36,1023,490,143
1/1/1970-0:0:42,1023,506,143
1/1/1970-0:0:48,1023,501,143
1/1/1970-0:0:54,1023,487,143
1/1/1970-0:1:0,1023,501,143
1/1/1970-0:1:6,1023,507,143
1/1/1970-0:1:12,1023,498,143
1/1/1970-0:1:18,1023,489,144
1/1/1970-0:1:24,1023,551,143
1/1/1970-0:1:30,1023,487,143
1/1/1970-0:1:36,1023,513,143
1/1/1970-0:1:42,1023,514,143
1/1/1970-0:1:48,1023,505,143
1/1/1970-0:1:54,1023,490,143
1/1/1970-0:2:0,1023,536,143
1/1/1970-0:2:7,1023,373,144
1/1/1970-0:2:13,1023,483,144
1/1/1970-0:2:19,1023,492,144
1/1/1970-0:2:25,1023,492,144
1/1/1970-0:2:31,1023,538,143
1/1/1970-0:2:37,1023,491,143
1/1/1970-0:2:43,1023,519,143
1/1/1970-0:2:49,1023,528,143
1/1/1970-0:2:55,1023,528,143
1/1/1970-0:3:1,1023,509,143
1/1/1970-0:3:7,1023,527,143
1/1/1970-0:3:13,1023,488,143
1/1/1970-0:3:19,1023,483,144
1/1/1970-0:3:25,1023,478,144
1/1/1970-0:3:31,1023,509,144
1/1/1970-0:3:37,1023,493,143
1/1/1970-0:3:43,1023,488,143
1/1/1970-0:3:49,1023,497,144
1/1/1970-0:3:55,1023,499,144
1/1/1970-0:4:1,1023,500,143
1/1/1970-0:4:7,1023,510,143
1/1/1970-0:4:13,1023,496,143
1/1/1970-0:4:19,1023,499,143
1/1/1970-0:4:25,1023,495,144
1/1/1970-0:4:31,1023,488,144
1/1/1970-0:4:37,1023,482,144
1/1/1970-0:4:43,1023,488,144
1/1/1970-0:4:49,1023,512,144
1/1/1970-0:4:55,1023,512,144
1/1/1970-0:5:1,1023,500,143
1/1/1970-0:5:7,1023,502,144
1/1/1970-0:5:13,1023,501,144
1/1/1970-0:5:19,1023,499,144
1/1/1970-0:5:25,1023,508,144
1/1/1970-0:5:31,1023,493,143
1/1/1970-0:5:37,1023,493,144
1/1/1970-0:5:43,1023,501,144
1/1/1970-0:5:50,1023,500,143
1/1/1970-0:5:56,1023,535,143
1/1/1970-0:6:2,1023,516,144
1/1/1970-0:6:8,1023,536,144
1/1/1970-0:6:14,1023,547,144
1/1/1970-0:6:20,1023,560,143
1/1/1970-0:6:26,1023,553,143
1/1/1970-0:6:32,1023,552,143
1/1/1970-0:6:38,1023,544,143
1/1/1970-0:6:44,1023,541,143
1/1/1970-0:6:50,1023,540,143
1/1/1970-0:6:56,1023,533,143
1/1/1970-0:7:2,1023,541,143
1/1/1970-0:7:8,1023,525,144
1/1/1970-0:7:14,1023,503,144
1/1/1970-0:7:20,1023,524,144
1/1/1970-0:7:26,1023,520,144
1/1/1970-0:7:32,1023,535,143
1/1/1970-0:7:38,1023,508,144
1/1/1970-0:7:44,1023,520,144
1/1/1970-0:7:50,1023,544,144
1/1/1970-0:7:56,1023,548,144
1/1/1970-0:8:2,1023,556,144
1/1/1970-0:8:8,1023,513,144
1/1/1970-0:8:14,1023,543,143
1/1/1970-0:8:20,1023,631,143
1/1/1970-0:8:26,1023,535,143
1/1/1970-0:8:32,1023,516,144
1/1/1970-0:8:38,1023,514,144
1/1/1970-0:8:44,1023,519,144
1/1/1970-0:8:50,1023,531,143
1/1/1970-0:8:56,1023,542,143
1/1/1970-0:9:2,1023,491,144
1/1/1970-0:9:8,1023,484,145
1/1/1970-0:9:14,1023,495,144
1/1/1970-0:9:20,1023,490,145
1/1/1970-0:9:26,1023,493,144
1/1/1970-0:9:32,1023,473,144
1/1/1970-0:9:39,1023,572,144
1/1/1970-0:9:45,1023,517,144
1/1/1970-0:9:51,1023,569,144
1/1/1970-0:9:57,1023,558,144
1/1/1970-0:10:3,1023,542,144
1/1/1970-0:10:9,1023,519,144
1/1/1970-0:10:15,1023,523,144
1/1/1970-0:10:21,1023,487,144
1/1/1970-0:10:27,1023,487,145
1/1/1970-0:10:33,1023,493,145
1/1/1970-0:10:39,1023,499,146
1/1/1970-0:10:45,1023,505,146
1/1/1970-0:10:51,1023,517,145
1/1/1970-0:10:57,1023,522,145
1/1/1970-0:11:3,1023,498,146
1/1/1970-0:11:9,1023,520,145
1/1/1970-0:11:15,1023,510,145
1/1/1970-0:11:21,1023,502,146
1/1/1970-0:11:27,1023,507,146
1/1/1970-0:11:33,1023,507,144
1/1/1970-0:11:39,1023,502,144
1/1/1970-0:11:45,1023,523,146
1/1/1970-0:11:51,1023,507,144
1/1/1970-0:11:57,1023,504,146
1/1/1970-0:12:3,1023,529,145
1/1/1970-0:12:9,1023,519,145
1/1/1970-0:12:15,1023,512,145
1/1/1970-0:12:21,1023,515,145
1/1/1970-0:12:27,1023,525,145
1/1/1970-0:12:33,1023,575,146
1/1/1970-0:12:39,1023,567,145
1/1/1970-0:12:45,1023,558,146
1/1/1970-0:12:51,1023,558,144
1/1/1970-0:12:57,1023,519,144
1/1/1970-0:13:3,1023,513,145
1/1/1970-0:13:9,1023,514,145
1/1/1970-0:13:16,1023,539,145
1/1/1970-0:13:22,1023,520,145
1/1/1970-0:13:28,1023,523,145
1/1/1970-0:13:34,1023,613,146
1/1/1970-0:13:40,1023,589,145
1/1/1970-0:13:46,1023,546,145
1/1/1970-0:13:52,1023,502,146
1/1/1970-0:13:58,1023,496,145
1/1/1970-0:14:4,1023,635,145
1/1/1970-0:14:10,1023,639,146
1/1/1970-0:14:16,1023,587,146
1/1/1970-0:14:22,1023,552,146
1/1/1970-0:14:28,1023,529,145
1/1/1970-0:14:34,1023,505,146
1/1/1970-0:14:40,1023,467,145
1/1/1970-0:14:46,1023,465,146
1/1/1970-0:14:52,1023,480,146
1/1/1970-0:14:58,1023,467,146
1/1/1970-0:15:4,1023,465,145
1/1/1970-0:15:10,1023,467,146
1/1/1970-0:15:16,1023,485,146
1/1/1970-0:15:22,1023,490,145
1/1/1970-0:15:28,1023,500,145
1/1/1970-0:15:34,1023,482,145
1/1/1970-0:15:40,1023,479,145
1/1/1970-0:15:46,1023,477,146
1/1/1970-0:15:52,1023,487,146
Time,Moisture,Light,Temp
0/0/1970-0:0:0,1017,548,145
1/1/1970-0:0:6,1023,503,144
1/1/1970-0:0:12,1023,496,145
1/1/1970-0:0:18,1023,485,145
1/1/1970-0:0:24,1023,480,145
1/1/1970-0:0:30,1023,502,144
1/1/1970-0:0:36,1023,493,145
1/1/1970-0:0:42,1023,480,144
1/1/1970-0:0:48,1023,487,145
1/1/1970-0:0:54,1023,502,144
1/1/1970-0:1:0,1023,498,144
1/1/1970-0:1:6,1023,481,145
1/1/1970-0:1:12,1023,481,145
1/1/1970-0:1:18,1023,480,145
1/1/1970-0:1:24,1023,531,144
1/1/1970-0:1:30,1023,496,144
1/1/1970-0:1:36,1023,547,144
1/1/1970-0:1:42,1023,501,144
1/1/1970-0:1:48,1023,495,144
1/1/1970-0:1:54,1023,497,145
1/1/1970-0:2:0,1023,497,145
1/1/1970-0:2:6,1023,499,145
1/1/1970-0:2:12,1023,502,145
1/1/1970-0:2:18,1023,503,145
1/1/1970-0:2:24,1023,509,144
1/1/1970-0:2:30,1023,498,145
1/1/1970-0:2:36,1023,500,144
1/1/1970-0:2:42,1023,505,144
1/1/1970-0:2:48,1023,517,144
1/1/1970-0:2:54,1023,527,145
1/1/1970-0:3:0,1023,532,145
1/1/1970-0:3:6,1023,527,145
1/1/1970-0:3:12,1023,529,144
1/1/1970-0:3:18,1023,520,144
1/1/1970-0:3:24,1023,521,144
1/1/1970-0:3:31,1023,512,144
1/1/1970-0:3:37,1023,505,144
1/1/1970-0:3:43,1023,511,144
1/1/1970-0:3:49,1023,519,144
1/1/1970-0:3:55,1023,518,144
1/1/1970-0:4:1,1023,532,145
1/1/1970-0:4:7,1023,500,145
1/1/1970-0:4:13,1023,516,144
1/1/1970-0:4:19,1023,556,145
1/1/1970-0:4:25,1023,534,145
1/1/1970-0:4:31,1023,548,145
1/1/1970-0:4:37,1023,579,144
1/1/1970-0:4:43,1023,545,145
1/1/1970-0:4:49,1023,545,144
1/1/1970-0:4:55,1023,559,144
1/1/1970-0:5:1,1023,555,145
1/1/1970-0:5:7,1023,513,145
1/1/1970-0:5:13,1023,583,144
1/1/1970-0:5:19,1023,518,144
1/1/1970-0:5:25,1023,491,145
1/1/1970-0:5:31,1023,588,145
1/1/1970-0:5:37,1023,585,144
1/1/1970-0:5:43,1023,641,144
Time,Moisture,Light,Temp
0/0/1970-0:0:0,1017,511,147
1/1/1970-0:0:6,1023,500,145
1/1/1970-0:0:12,1023,550,144
1/1/1970-0:0:18,1023,547,144
1/1/1970-0:0:24,1023,545,144
1/1/1970-0:0:30,1023,505,145
1/1/1970-0:0:36,1023,521,147
1/1/1970-0:0:42,1023,506,145
1/1/1970-0:0:48,1023,521,145
1/1/1970-0:0:54,1023,511,145
1/1/1970-0:1:0,1023,510,145
1/1/1970-0:1:6,1023,508,145
1/1/1970-0:1:12,1023,509,145
1/1/1970-0:1:18,1023,515,145
1/1/1970-0:1:24,1023,527,144
1/1/1970-0:1:30,1023,521,145
1/1/1970-0:1:36,1023,520,145
Time,Moisture,Light,Temp
0/0/1970-0:0:0,1018,525,145
Time,Moisture,Light,Temp
0/0/1970-0:0:0,1018,521,146
1/1/1970-0:0:6,1023,520,145
1/1/1970-0:0:12,1023,830,145
1/1/1970-0:0:18,1023,498,146
1/1/1970-0:0:24,1023,491,146
1/1/1970-0:0:30,1023,489,145
1/1/1970-0:0:36,1023,495,145
1/1/1970-0:0:42,1023,491,145
1/1/1970-0:0:48,1023,485,145
1/1/1970-0:0:54,1023,484,145
1/1/1970-0:1:0,1023,486,146
1/1/1970-0:1:6,1023,498,145
1/1/1970-0:1:12,1023,494,145
1/1/1970-0:1:18,1023,487,146
1/1/1970-0:1:24,1023,495,146
1/1/1970-0:1:30,1023,504,145
1/1/1970-0:1:36,1023,494,145
1/1/1970-0:1:42,1023,487,145
1/1/1970-0:1:48,1023,498,145
1/1/1970-0:1:54,1023,503,145
1/1/1970-0:2:0,1023,488,145
1/1/1970-0:2:6,1023,495,145
1/1/1970-0:2:12,1023,500,145
1/1/1970-0:2:18,1023,492,145
1/1/1970-0:2:24,1023,502,145
1/1/1970-0:2:30,1023,488,145
1/1/1970-0:2:36,1023,499,145
1/1/1970-0:2:42,1023,505,145
1/1/1970-0:2:48,1023,504,145
1/1/1970-0:2:54,1023,497,145
1/1/1970-0:3:0,1023,489,146
1/1/1970-0:3:6,1023,500,146
1/1/1970-0:3:12,1023,501,146
1/1/1970-0:3:18,1023,489,146
1/1/1970-0:3:24,1023,488,146
1/1/1970-0:3:31,1023,493,145
1/1/1970-0:3:37,1023,501,145
1/1/1970-0:3:43,1023,504,145
1/1/1970-0:3:49,1023,491,146
1/1/1970-0:3:55,1023,493,146
1/1/1970-0:4:1,1023,488,146
1/1/1970-0:4:7,1023,500,146
1/1/1970-0:4:13,1023,496,146
1/1/1970-0:4:19,1023,493,145
1/1/1970-0:4:25,1023,505,145
1/1/1970-0:4:31,1023,492,145
1/1/1970-0:4:37,1023,491,145
1/1/1970-0:4:43,1023,501,145
1/1/1970-0:4:49,1023,505,145
1/1/1970-0:4:55,1023,488,146
1/1/1970-0:5:1,1023,495,146
1/1/1970-0:5:7,1023,505,146
1/1/1970-0:5:13,1023,489,145
1/1/1970-0:5:19,1023,500,145
1/1/1970-0:5:25,1023,502,145
1/1/1970-0:5:31,1023,488,145
1/1/1970-0:5:37,1023,495,145
1/1/1970-0:5:43,1023,498,145
1/1/1970-0:5:49,1023,494,145
1/1/1970-0:5:55,1023,488,146
1/1/1970-0:6:1,1023,490,146
1/1/1970-0:6:7,1023,501,145
1/1/1970-0:6:13,1023,496,145
1/1/1970-0:6:19,1023,492,145
1/1/1970-0:6:25,1023,505,145
1/1/1970-0:6:31,1023,492,145
1/1/1970-0:6:37,1023,492,145
1/1/1970-0:6:43,1023,505,145
Time,Moisture,Light,Temp
0/0/1970-0:0:0,1017,516,146
1/1/1970-0:0:6,1023,499,145
1/1/1970-0:0:12,1023,496,145
1/1/1970-0:0:18,1023,500,147
1/1/1970-0:0:24,1023,510,145
1/1/1970-0:0:30,1023,513,144
1/1/1970-0:0:36,1023,507,145
1/1/1970-0:0:42,1023,515,145
1/1/1970-0:0:48,1023,511,145
1/1/1970-0:0:54,1023,503,145
1/1/1970-0:1:0,1023,499,145
1/1/1970-0:1:6,1023,497,145
1/1/1970-0:1:12,1023,501,145
1/1/1970-0:1:18,1023,499,145
1/1/1970-0:1:24,1023,510,145
1/1/1970-0:1:30,1023,514,145
1/1/1970-0:1:36,1023,514,146
1/1/1970-0:1:42,1023,507,146
1/1/1970-0:1:48,1023,497,146
1/1/1970-0:1:54,1023,502,146
1/1/1970-0:2:0,1023,511,145
1/1/1970-0:2:6,1023,513,146
1/1/1970-0:2:12,1023,497,145
1/1/1970-0:2:18,1023,511,144
1/1/1970-0:2:24,1023,503,153
1/1/1970-0:2:30,1023,503,153
1/1/1970-0:2:36,1023,507,153
1/1/1970-0:2:42,1023,509,153
1/1/1970-0:2:48,1023,508,152
1/1/1970-0:2:54,1023,507,153
1/1/1970-0:3:0,1023,502,153
1/1/1970-0:3:6,1023,500,153
1/1/1970-0:3:12,1023,498,153
1/1/1970-0:3:18,1023,499,152
1/1/1970-0:3:24,1023,506,152
1/1/1970-0:3:31,1023,511,151
1/1/1970-0:3:37,1023,510,152
1/1/1970-0:3:43,1023,509,153
Time,Moisture,Light,Temp
0/0/1970-0:0:0,1011,494,152
1/1/1970-0:0:6,1023,502,155
1/1/1970-0:0:12,1023,495,154
Time,Moisture,Light,Temp
0/0/1970-0:0:0,1009,510,151
1/1/1970-0:0:6,1023,494,153
1/1/1970-0:0:12,1023,493,153
1/1/1970-0:0:18,1023,503,153
1/1/1970-0:0:24,1023,509,153
1/1/1970-0:0:30,1023,492,153
1/1/1970-0:0:36,1023,499,153
1/1/1970-0:0:42,1023,507,153
1/1/1970-0:0:48,1023,510,153
1/1/1970-0:0:54,1023,507,153
1/1/1970-0:1:0,1023,495,153
1/1/1970-0:1:6,1023,500,153
1/1/1970-0:1:12,1023,509,153
1/1/1970-0:1:18,1023,492,153
1/1/1970-0:1:24,1023,509,153
1/1/1970-0:1:30,1023,500,153
1/1/1970-0:1:36,1023,503,153
1/1/1970-0:1:42,1023,505,153
1/1/1970-0:1:48,1023,497,153
1/1/1970-0:1:54,1023,506,153
1/1/1970-0:2:0,1023,503,153
1/1/1970-0:2:6,1023,496,153
1/1/1970-0:2:12,1023,510,153
1/1/1970-0:2:18,1023,496,153
1/1/1970-0:2:24,1023,507,153
1/1/1970-0:2:30,1023,497,153
1/1/1970-0:2:36,1023,513,154
1/1/1970-0:2:42,1023,499,153
1/1/1970-0:2:48,1023,511,154
1/1/1970-0:2:54,1023,496,153
1/1/1970-0:3:0,1023,512,153
1/1/1970-0:3:6,1023,503,153
1/1/1970-0:3:12,1023,496,154
1/1/1970-0:3:18,1023,511,153
1/1/1970-0:3:24,1023,495,153
1/1/1970-0:3:30,1023,511,154
1/1/1970-0:3:36,1023,510,153
1/1/1970-0:3:42,1023,504,153
1/1/1970-0:3:48,1023,495,153
1/1/1970-0:3:54,1023,507,154
1/1/1970-0:4:0,1023,506,153
1/1/1970-0:4:6,1023,508,153
1/1/1970-0:4:12,1023,498,153
1/1/1970-0:4:19,1023,511,153
1/1/1970-0:4:25,1023,496,153
Time,Moisture,Light,Temp
0/0/1970-0:0:0,1012,511,152
1/1/1970-0:0:6,1023,926,153
Time,Moisture,Light,Temp
0/0/1970-0:0:0,1011,488,151
1/1/1970-0:0:6,1023,918,152
1/1/1970-0:0:12,1023,479,155
1/1/1970-0:0:18,1023,606,154
Time,Moisture,Light,Temp
0/0/1970-0:0:0,1012,487,151
1/1/1970-0:0:6,1023,496,153
1/1/1970-0:0:12,1023,484,153
1/1/1970-0:0:18,1023,49,154
1/1/1970-0:0:24,1023,487,155
Time,Moisture,Light,Temp
0/0/1970-0:0:0,1012,568,150
1/1/1970-0:0:6,1023,493,153
1/1/1970-0:0:12,1023,499,153
1/1/1970-0:0:18,1023,506,153
1/1/1970-0:0:24,1023,497,153
1/1/1970-0:0:30,1023,493,153
1/1/1970-0:0:36,1023,506,153
1/1/1970-0:0:42,1023,504,153
1/1/1970-0:0:48,1023,490,154
1/1/1970-0:0:54,1023,507,153
1/1/1970-0:1:0,1023,499,153
1/1/1970-0:1:6,1023,494,153
1/1/1970-0:1:12,1023,492,153
1/1/1970-0:1:18,1023,500,153
1/1/1970-0:1:24,1023,505,154
1/1/1970-0:1:30,1023,506,153
1/1/1970-0:1:36,1023,504,153
1/1/1970-0:1:42,1023,498,154
1/1/1970-0:1:48,1023,493,153
1/1/1970-0:1:54,1023,507,153
1/1/1970-0:2:0,1023,501,154
1/1/1970-0:2:6,1023,493,153
1/1/1970-0:2:12,1023,493,153
1/1/1970-0:2:18,1023,505,154
1/1/1970-0:2:24,1023,496,154
1/1/1970-0:2:30,1023,502,153
1/1/1970-0:2:36,1023,507,153
1/1/1970-0:2:42,1023,500,154
1/1/1970-0:2:48,1023,492,153
1/1/1970-0:2:54,1023,492,153
1/1/1970-0:3:0,1023,507,154
1/1/1970-0:3:6,1023,507,153
1/1/1970-0:3:12,1023,495,153
1/1/1970-0:3:18,1023,493,154
1/1/1970-0:3:24,1023,506,154
1/1/1970-0:3:30,1023,507,153
1/1/1970-0:3:36,1023,505,153
1/1/1970-0:3:42,1023,502,153
1/1/1970-0:3:48,1023,497,153
1/1/1970-0:3:54,1023,491,153
1/1/1970-0:4:0,1023,490,153
1/1/1970-0:4:6,1023,492,153
1/1/1970-0:4:13,1023,491,153
1/1/1970-0:4:19,1023,501,153
1/1/1970-0:4:25,1023,507,153
1/1/1970-0:4:31,1023,497,153
1/1/1970-0:4:37,1023,493,154
1/1/1970-0:4:43,1023,491,153
1/1/1970-0:4:49,1023,497,154
1/1/1970-0:4:55,1023,507,154
1/1/1970-0:5:1,1023,496,153
1/1/1970-0:5:7,1023,497,153
1/1/1970-0:5:13,1023,503,154
1/1/1970-0:5:19,1023,490,153
1/1/1970-0:5:25,1023,505,153
1/1/1970-0:5:31,1023,502,153
1/1/1970-0:5:37,1023,491,153
1/1/1970-0:5:43,1023,508,154
1/1/1970-0:5:49,1023,508,153
1/1/1970-0:5:55,1023,503,153
1/1/1970-0:6:1,1023,499,153
1/1/1970-0:6:7,1023,501,153
1/1/1970-0:6:13,1023,492,153
1/1/1970-0:6:19,1023,497,153
1/1/1970-0:6:25,1023,507,153
1/1/1970-0:6:31,1023,506,152
1/1/1970-0:6:37,1023,501,153
1/1/1970-0:6:43,1023,492,153
1/1/1970-0:6:49,1023,497,153
1/1/1970-0:6:55,1023,506,153
1/1/1970-0:7:1,1023,495,153
1/1/1970-0:7:7,1023,490,153
1/1/1970-0:7:13,1023,504,152
1/1/1970-0:7:19,1023,505,153
1/1/1970-0:7:25,1023,495,153
1/1/1970-0:7:31,1023,491,153
1/1/1970-0:7:37,1023,507,153
1/1/1970-0:7:43,1023,497,153
1/1/1970-0:7:49,1023,492,153
1/1/1970-0:7:55,1023,504,153
1/1/1970-0:8:1,1023,500,153
1/1/1970-0:8:7,1023,517,153
1/1/1970-0:8:13,1023,469,153
1/1/1970-0:8:19,1023,478,153
1/1/1970-0:8:25,1023,571,153
1/1/1970-0:8:32,1023,489,154
1/1/1970-0:8:38,1023,505,154
1/1/1970-0:8:44,1023,501,153
1/1/1970-0:8:50,1023,530,153
1/1/1970-0:8:56,1023,836,153
1/1/1970-0:9:2,1023,498,155
1/1/1970-0:9:8,1023,540,156
1/1/1970-0:9:14,1023,521,156
Time,Moisture,Light,Temp
0/0/1970-0:0:0,1011,485,152
1/1/1970-0:0:6,1023,589,153
1/1/1970-0:0:12,1023,492,154
1/1/1970-0:0:18,1023,496,154
1/1/1970-0:0:24,1023,95,155
1/1/1970-0:0:30,1023,461,156
1/1/1970-0:0:36,1023,473,156
1/1/1970-0:0:42,1023,466,156
1/1/1970-0:0:48,1023,449,156
1/1/1970-0:0:54,1023,454,156
1/1/1970-0:1:0,1023,472,156
1/1/1970-0:1:6,1023,461,156
1/1/1970-0:1:12,1023,447,156
1/1/1970-0:1:18,1023,439,156
1/1/1970-0:1:24,1023,458,156
1/1/1970-0:1:30,1023,466,157
1/1/1970-0:1:36,1023,459,156
1/1/1970-0:1:42,1023,457,156
1/1/1970-0:1:48,1023,452,156
1/1/1970-0:1:54,1023,467,156
1/1/1970-0:2:0,1023,444,157
1/1/1970-0:2:6,1023,467,156
1/1/1970-0:2:12,1023,461,156
1/1/1970-0:2:18,1023,455,157
1/1/1970-0:2:24,1023,473,156
1/1/1970-0:2:30,1023,467,157
1/1/1970-0:2:36,1023,454,156
1/1/1970-0:2:42,1023,475,157
1/1/1970-0:2:48,1023,467,156
1/1/1970-0:2:54,1023,467,157
Time,Moisture,Light,Temp
0/0/1970-0:0:0,1011,477,153
1/1/1970-0:0:6,1023,450,154
1/1/1970-0:0:12,1023,477,154
1/1/1970-0:0:18,1023,463,155
1/1/1970-0:0:24,1023,476,155
1/1/1970-0:0:30,1023,449,154
1/1/1970-0:0:36,1023,467,154
1/1/1970-0:0:42,1023,472,155
1/1/1970-0:0:48,1023,445,154
1/1/1970-0:0:54,1023,458,154
1/1/1970-0:1:0,1023,470,155
1/1/1970-0:1:6,1023,485,155
1/1/1970-0:1:12,1023,502,155
1/1/1970-0:1:18,1023,482,155
1/1/1970-0:1:24,1023,464,155
1/1/1970-0:1:30,1023,489,155
1/1/1970-0:1:36,1005,465,155
1/1/1970-0:1:42,1023,462,155
1/1/1970-0:1:48,1023,481,154
1/1/1970-0:1:54,1023,532,153
Time,Moisture,Light,Temp
0/0/1970-0:0:0,1011,468,156
1/1/1970-0:0:6,948,484,155
1/1/1970-0:0:12,937,476,155
1/1/1970-0:0:18,1023,446,155
1/1/1970-0:0:24,1023,474,155
1/1/1970-0:0:30,1023,466,155
1/1/1970-0:0:36,1023,451,154
1/1/1970-0:0:42,1023,462,155
1/1/1970-0:0:48,1023,451,155
1/1/1970-0:0:54,1023,475,154
1/1/1970-0:1:0,1023,488,154
1/1/1970-0:1:6,1023,456,155
1/1/1970-0:1:12,1023,477,155
1/1/1970-0:1:18,1023,463,154
1/1/1970-0:1:24,1023,453,155
1/1/1970-0:1:30,1023,482,155
1/1/1970-0:1:36,1023,472,154
1/1/1970-0:1:42,1023,468,155
1/1/1970-0:1:48,1023,449,155
1/1/1970-0:1:54,1023,483,155
1/1/1970-0:2:0,1023,453,154
1/1/1970-0:2:6,1023,471,155
1/1/1970-0:2:12,1023,470,154
1/1/1970-0:2:18,1023,446,154
1/1/1970-0:2:24,1023,475,154
1/1/1970-0:2:30,1023,468,154
1/1/1970-0:2:37,1023,448,155
1/1/1970-0:2:43,1023,482,155
1/1/1970-0:2:49,1023,467,155
